NDIM=2.0
N_BLADES=50.0
N_SECTIONS=2.0
CASCADE_TYPE=LINEAR
x_leading=0.14292961969803608
y_leading=-0.00649065649235508
z_leading=0.9999688106130787, 1.0099687936000992
x_trailing=0.1870845540976954
z_trailing=0.9999688106130787, 1.0099687936000992
x_hub=
z_hub=
x_shroud=
z_shroud=
PARAMETRIZATION_TYPE=CONNECTING_ARCS
stagger=-44.54573974006466
theta_in=6.591152394973649
theta_out=-69.38270884321805
wedge_in=30.104755118210683
wedge_out=2.6107691715502717
radius_in=0.05411663264459526
radius_out=0.014444953099084985
dist_1=0.5580761102492163
dist_2=0.41644088175138727
dist_3=0.4846951250258652
dist_4=0.20633545659987543
PLOT_FORMAT=MATPLOTLIB
OPERATION_TYPE=GEOMETRY
PRESCRIBED_BLADE_FILENAME=MoveSurface.txt
Config_Path=/home/robertoa/my_GIT/parablade/testcases/MatchBlades/Aachen_2D/Aachen_2D.cfg
