NDIM=3.0
N_BLADES=22.0
N_SECTIONS=11.0
CASCADE_TYPE=ANNULAR
x_leading=-0.0012155279123935352, 0.006176324662465179, 0.01708538732729608, 0.023756659562699234
y_leading=-0.0001033103766385179, 0.0008143458501048216, -0.007637195222788278, 0.0003115686159604824, 0.0006503356577209094
z_leading=0.09571594660277238, 0.1519595273899528, 0.20441028580880352, 0.2552490016794651
x_trailing=0.0896973230037492, 0.08953833624816333, 0.0777341660765873, 0.06895074710692276, 0.06516138348163966
z_trailing=0.1179393379309016, 0.16173484946791944, 0.20107889424771921, 0.24823231682985508
x_hub=0.02277682149858063, 0.06539877366490639
z_hub=0.1004741709762602, 0.11660641095343552
x_shroud=0.030257587606168528, 0.05088914200910274
z_shroud=0.2558188066311746, 0.2504312362085787
PARAMETRIZATION_TYPE=CAMBER_THICKNESS
stagger=12.802998329110414, 23.806203890937148, 48.93936961643144, 57.484491233709434, 63.13210286638399
theta_in=37.8894148690435, 40.08625936174829, 40.373263273554265, 30.04016960894731
theta_out=-19.314215800043222, 15.071074389644751, 40.09413120209163, 44.82535993236976
radius_in=0.0006693359494975922, 0.0018928674557306228, 0.0019449153991979709, 0.0008739350479142291
radius_out=0.0014997139991203107, 0.00010000000000000219, 0.00010000000000000166, 0.0004386091425299807
dist_in=0.3371973356939866, 0.2646650076925527, 0.332498891792417, 0.3613013989627863
dist_out=0.36112611080317664, 0.32325392331261366, 0.5112249157259443, 0.4836145113992993
thickness_upper_1=0.002546465411929295, 0.019075829292213346, 0.00010000000000000018, 0.02313819261938296
thickness_upper_2=0.01779346609002048, 0.022536871245423685, 0.01975140550550291, 0.03503950879069074
thickness_upper_3=0.042546699459077235, 0.02012814072142602, 0.01320391021275751, 0.02447215343886261
thickness_upper_4=0.05353048483160095, 0.015679121952556684, 0.028827646857360504, 0.010367378479338652
thickness_upper_5=0.03787517131212501, 0.00869029932624595, 0.00010000000000000308, 0.024266582511949936
thickness_upper_6=0.019506134409369012, 0.020452763331955483, 0.00010000000000000216, 0.005654341050033827
thickness_lower_1=0.014055042472713537, 0.022552625184504422, 0.00010000000000000018, 0.00010000000000000021
thickness_lower_2=0.0326815541481784, 0.04563970917975673, 0.0001, 0.00010000000000000071
thickness_lower_3=0.040333843876396595, 0.08326935094861851, 0.005368580072629134, 0.032458763702131306
thickness_lower_4=0.03619840036020486, 0.07497402804237907, 0.03879799161959874, 0.04185795862113147
thickness_lower_5=0.03047033837772709, 0.04944264572312122, 0.046517691308877396, 0.03759410318533932
thickness_lower_6=0.0004262488176859667, 0.023030461111436553, 0.013217793581095231, 0.023686849524389257
PLOT_FORMAT=MATPLOTLIB
OPERATION_TYPE=GEOMETRY
PRESCRIBED_BLADE_FILENAME=MoveSurface_NASA_R67.txt
Config_Path=/home/robertoa/my_GIT/parablade/testcases/MatchBlades/NASA_R67/ct.cfg
