NDIM=3.0
N_BLADES=50.0
N_SECTIONS=5.0
CASCADE_TYPE=ANNULAR
x_leading=-0.00026015294673109276
y_leading=-0.006576428701613933
z_leading=0.48972416997448887, 0.6005246636070596
x_trailing=0.044046366614453596
z_trailing=0.4896779199637039, 0.6014730500902873
x_hub=
z_hub=
x_shroud=
z_shroud=
PARAMETRIZATION_TYPE=CONNECTING_ARCS
stagger=-44.474611917094215
theta_in=7.881987690479129
theta_out=-70.07404796640702
wedge_in=30.71166412677091
wedge_out=2.2070058938026325
radius_in=0.044305545860700714
radius_out=0.014461836382502133
dist_1=0.5816559680573646
dist_2=0.4371080546682559
dist_3=0.4281619388540133
dist_4=0.16312603766708803
PLOT_FORMAT=MATPLOTLIB
OPERATION_TYPE=GEOMETRY
PRESCRIBED_BLADE_FILENAME=MoveSurface.txt
Config_Path=/home/robertoa/my_GIT/parablade/testcases/MatchBlades/Aachen_3D/Aachen_3D.cfg
