NDIM=2.0
N_BLADES=50.0
N_SECTIONS=2.0
CASCADE_TYPE=LINEAR
x_leading=4.880379885609559e-05
y_leading=0.00023787280388334772
z_leading=0.9898818203263284, 1.010116664382672
x_trailing=0.036866638686136106
z_trailing=0.9865250489863973, 1.0135176567963
x_hub=
z_hub=
x_shroud=
z_shroud=
PARAMETRIZATION_TYPE=CAMBER_THICKNESS
stagger=-55
theta_in=6.03311140868969
theta_out=-75.02474458099303
radius_in=0.16354678638571726
radius_out=0.01166496968030014
dist_in=0.4538040314509468
dist_out=0.5352780878556757
thickness_upper_1=0.4450103852275693
thickness_upper_2=0.34339423253030144
thickness_upper_3=0.22262165825570077
thickness_upper_4=0.10753691323837294
thickness_upper_5=0.04409154587893458
thickness_upper_6=0.011514635881112898
thickness_lower_1=0.08720027435351618
thickness_lower_2=0.17059356309100693
thickness_lower_3=0.11737418565797324
thickness_lower_4=0.04118402778504599
thickness_lower_5=0.035746824264630314
thickness_lower_6=0.025721143744163323
PLOT_FORMAT=MATPLOTLIB
OPERATION_TYPE=GEOMETRY
PRESCRIBED_BLADE_FILENAME=MoveSurface_LS89.txt
