NDIM=2.0
N_BLADES=50.0
N_SECTIONS=2.0
CASCADE_TYPE=LINEAR
x_leading=0.14296518136738243
y_leading=-0.006496490678306802
z_leading=0.9882403264903207, 1.0117613455560794
x_trailing=0.18708944012460593
z_trailing=0.9922913392128826, 1.0077072032601633
x_hub=
z_hub=
x_shroud=
z_shroud=
PARAMETRIZATION_TYPE=CONNECTING_ARCS
stagger=-44.461162143461024
theta_in=6.583904389981261
theta_out=-69.29454840876998
wedge_in=29.866173765736054
wedge_out=2.719705542042908
radius_in=0.055091716923316617
radius_out=0.014127887356073869
dist_1=0.556234892107863
dist_2=0.4145582766609678
dist_3=0.4854755241839731
dist_4=0.2082928684265004
PLOT_FORMAT=MATPLOTLIB
OPERATION_TYPE=SENSITIVITY
PRESCRIBED_BLADE_FILENAME=MoveSurface.txt
Config_Path=/home/robertoa/my_GIT/3d-blade-parametrizer/projects/MatchBlades/Aachen3D_new/matched_parametrization.cfg
