NDIM=3.0
N_BLADES=50.0
N_SECTIONS=10.0
CASCADE_TYPE=ANNULAR
x_leading=-0.00010159389622542627, 0.003311327195419783, 0.0017133627272172757, 0.0068384172635088695
y_leading=4.939027812712699e-06, -2.7142914747660017e-05, 0.00012249652589761472, -9.320490143403786e-05
z_leading=0.058194379478783545, 0.05832071862883674, 0.05795650660579405, 0.05864614684681003
x_trailing=0.03922164474850847, 0.037620313634644596, 0.03656373917380254, 0.035414080234237
z_trailing=0.01422281841653347, 0.02217105731946714, 0.029028118775620535, 0.03675834492248375
x_hub=-0.0014614433869178918, 0.007107574488312483, 0.018714454779126106, 0.029632767269646088
z_hub=0.042659610187030954, 0.024888802354321584, 0.016893480252863698, 0.015239056176460743
x_shroud=0.0065236243035071305, 0.00859396631279459, 0.01959489646200039, 0.028276927453762632
z_shroud=0.053172081618992416, 0.044192677551851946, 0.03830079668413579, 0.0374553790376261
PARAMETRIZATION_TYPE=CONNECTING_ARCS
stagger=-11.456789350115091, -16.53993049235876, -22.001089983599243, -32.775187409426216
theta_in=-0.006398266709518323, -0.8661450139954752, -2.394366991201309, -2.021245409900805, -0.48462771487170125
theta_out=-44.95572780413222, -50.59949667022582, -61.02146202311854, -67.74121664583797
wedge_in=12.277268361600363, 10.853946760085426, 6.325955879673136, 2.307362365837465
wedge_out=7.649925993140902, 4.2358925807334415, 2.483454236219785, 1.2741042769299362
radius_in=0.006168586968793938, 0.0001003464492781664, 0.009687657869733154, 0.005432768780782693
radius_out=0.007419609199525029, 0.008795166892485115, 0.004234429708331641, 0.0031720211496014286
dist_1=0.30359018943139326, 0.3203769319778006, 0.4943685092481813, 0.5310641365367774
dist_2=0.45343784921808833, 0.48015035666919703, 0.3596069397613653, 0.4686170809471991
dist_3=0.3530279597627061, 0.3466613805611188, 0.426998060087119, 0.4911527942906641
dist_4=0.2378408165472567, 0.3068587679301015, 0.35724382540014044, 0.3890429361235885
PLOT_FORMAT=MATPLOTLIB
OPERATION_TYPE=GEOMETRY
PRESCRIBED_BLADE_FILENAME=MoveSurface.txt
Config_Path=/home/robertoa/my_GIT/parablade/testcases/MatchBlades/APU_rotor/CA.cfg
