NDIM=2.0
N_BLADES=50.0
N_SECTIONS=2.0
CASCADE_TYPE=LINEAR
x_leading=1.4143992166846162e-06
y_leading=-2.822808112197165e-06
z_leading=0.9995486142891161, 1.009580005841399
x_trailing=0.000861832209431111
z_trailing=0.9995471290185497, 1.0095791653650803
x_hub=
z_hub=
x_shroud=
z_shroud=
PARAMETRIZATION_TYPE=CAMBER_THICKNESS
stagger=-30.988719069578284
theta_in=44.99995895501087
theta_out=-69.99991266738635
radius_in=0.00887135381800698
radius_out=0.0025293980054348223
dist_in=0.5483982870742118
dist_out=0.7143432795462116
thickness_upper_1=0.054138154911826726
thickness_upper_2=0.05722529781678453
thickness_upper_3=0.08015673416650947
thickness_upper_4=0.05332622738538627
thickness_upper_5=0.013764195265833785
thickness_upper_6=0.012985796682302651
thickness_lower_1=0.003402463444689762
thickness_lower_2=0.09273835557906901
thickness_lower_3=0.09256119966009692
thickness_lower_4=0.05530107994744329
thickness_lower_5=0.01835668497097093
thickness_lower_6=0.01657207512461201
PLOT_FORMAT=MATPLOTLIB
OPERATION_TYPE=GEOMETRY
PRESCRIBED_BLADE_FILENAME=MoveSurface.txt
Config_Path=/home/robertoa/my_GIT/parablade/testcases/MatchBlades/t106eiz_2D/t106eiz_2D.cfg
