NDIM=2.0
N_BLADES=50.0
N_SECTIONS=2.0
CASCADE_TYPE=LINEAR
x_leading=-0.00024247012912464075
y_leading=0.0009080859418504893
z_leading=1.018672987009788, 0.9813092222660429
x_trailing=0.03694855310985001
z_trailing=1.0268094549613742, 0.9732170690044998
x_hub=
z_hub=
x_shroud=
z_shroud=
PARAMETRIZATION_TYPE=CONNECTING_ARCS
stagger=-54.09657804488703
theta_in=6.820465757160875
theta_out=-70.00795529584929
wedge_in=43.95797785498608
wedge_out=5.164674902423926
radius_in=0.12502348622458948
radius_out=0.01657072583448739
dist_1=0.5177922208331578
dist_2=0.5576455934396666
dist_3=0.2757816576802527
dist_4=0.28509578799498464
PLOT_FORMAT=MATPLOTLIB
OPERATION_TYPE=GEOMETRY
PRESCRIBED_BLADE_FILENAME=MoveSurface_LS89.txt
