NDIM=3.0
N_BLADES=50.0
N_SECTIONS=10.0
CASCADE_TYPE=ANNULAR
x_leading=-0.011429190025924156, -0.006731453562320866, -0.008108877180455047, -0.002181508329012119
y_leading=-0.00529097367493336, -0.006394207402812184, -0.008023578633639738, -0.01292657424462299, -0.011208788833512971, -0.005635423311486824
z_leading=0.03730850982008724, 0.20328324284140323
x_trailing=0.01643999826082527, 0.008262396592174178, 0.014386605470678616, 0.003641296558158832
z_trailing=0.04389692179306069, 0.20349867554703213
x_hub=
z_hub=
x_shroud=
z_shroud=
PARAMETRIZATION_TYPE=CONNECTING_ARCS
stagger=30.350182588793714, 34.93698523301318, 44.833049749257235, 60.15863947957854, 64.93580800088961, 66.40444578002098
theta_in=31.931209462562762, 47.48402739820537, 79.09908041359046, 80.5882070272479
theta_out=34.91479430852877, 39.06730689735701, 45.92027810329075, 58.93773953884383
radius_in=0.1301150478890531, 0.00010000000000000296, 0.053654206289561
radius_out=0.015181830922863031, 0.008767288122481188, 0.010438533268233529
wedge_in=12.491383346495082, 5.643418458856376, 1.800004463517083
wedge_out=3.6438302347847324, 0.6823261384637395, 2.4094644925256463
dist_1=0.33327425155354645, 0.47949108566543686, 0.31619401920372653
dist_2=0.30054983337511276, 0.0001, 0.2623477003279483
dist_3=0.2942092516692463, 0.13003136004004198, 0.3483720122226439
dist_4=0.3362421785401458, 0.22221128089481917, 0.2624233644129202
PLOT_FORMAT=MATPLOTLIB
OPERATION_TYPE=GEOMETRY
PRESCRIBED_BLADE_FILENAME=MoveSurface.txt
Config_Path=/home/robertoa/my_GIT/parablade/testcases/MatchBlades/propeller_blade/propeller_blade.cfg
