NDIM=2.0
N_BLADES=50.0
N_SECTIONS=2.0
CASCADE_TYPE=LINEAR
x_leading=-0.09425855722003132
y_leading=0.026201578662333858
z_leading=0.9999976438517546, 1.0099975229593843
x_trailing=0.0941451356245058
z_trailing=0.9999976438517546, 1.0099975229593843
x_hub=
z_hub=
x_shroud=
z_shroud=
PARAMETRIZATION_TYPE=CAMBER_THICKNESS
stagger=0.048502862686205454
theta_in=57.93272734925437
theta_out=-57.96266228639391
radius_in=0.00010000000007013841
radius_out=0.00010000000007459897
dist_in=0.6507942785077789
dist_out=0.6514697749854949
thickness_upper_1=0.00010000000002322212
thickness_upper_2=0.023251104714611708
thickness_upper_3=0.09097359318785911
thickness_upper_4=0.09080223549308214
thickness_upper_5=0.023515300720392377
thickness_upper_6=0.00010000000002205547
thickness_lower_1=0.00010000000002015
thickness_lower_2=0.0001
thickness_lower_3=0.0781377197304038
thickness_lower_4=0.07895927660894468
thickness_lower_5=0.0001
thickness_lower_6=0.00010001490118216361
PLOT_FORMAT=MATPLOTLIB
OPERATION_TYPE=GEOMETRY
PRESCRIBED_BLADE_FILENAME=MoveSurface.txt
Config_Path=/home/robertoa/my_GIT/parablade/testcases/MatchBlades/ImpulseTurbineORC_2D/ImpulseTurbine_ORC_2D.cfg
