NDIM=3.0
N_BLADES=22.0
N_SECTIONS=5.0
CASCADE_TYPE=ANNULAR
x_leading=0.00023930578922165197, 0.0013670992675155846
y_leading=-0.0008122900893749016
z_leading=0.11217726171176826, 0.11217392383319875
x_trailing=0.0070179520220824505, 0.010186288679249348
z_trailing=0.08973340291304696, 0.08974135188206496
x_hub=0.00012702355603605594, 0.004142059024805196
z_hub=0.10521006528818767, 0.09750169127427513
x_shroud=0.0012511986768828111, 0.007066429829055949
z_shroud=0.10506916512833148, 0.09761699816167632
PARAMETRIZATION_TYPE=CONNECTING_ARCS
stagger=-8.900845169508475, -8.669236317530821
theta_in=43.12112239074576, 43.03793398776092
theta_out=-60.3906758038855, -60.39689387330593
wedge_in=5.876836203890772, 5.737344233106129
wedge_out=2.231660383441843, 2.486352190078512
radius_in=0.012767164913778049, 0.012633976939316439
radius_out=0.0363828834871334, 0.03548695498862572
dist_1=0.40296564517939953, 0.39802496840799273
dist_2=0.37528078495186373, 0.36594514802620814
dist_3=0.4271234261811411, 0.4146863702383311
dist_4=0.46911007726413784, 0.4489041645403656
PLOT_FORMAT=MATPLOTLIB
OPERATION_TYPE=GEOMETRY
PRESCRIBED_BLADE_FILENAME=MoveSurface_radial_inflow_Quasi3D.txt
Config_Path=/home/robertoa/my_GIT/parablade/testcases/MatchBlades/radial_inflow_quasi3D/ca.cfg
