NDIM=2.0
N_BLADES=50.0
N_SECTIONS=2.0
CASCADE_TYPE=LINEAR
x_leading=-4.197607606560916e-06
y_leading=4.938763419169128e-06
z_leading=0.9999410042994988, 1.0095771776441937
x_trailing=0.000856736795753732
z_trailing=0.9999684791888704, 1.0097883347785614
x_hub=
z_hub=
x_shroud=
z_shroud=
PARAMETRIZATION_TYPE=CONNECTING_ARCS
stagger=-30.000732159481952
theta_in=40.00002560503356
theta_out=-70.0000663268666
wedge_in=9.999997895060906
wedge_out=2.999700476319847
radius_in=0.017357199992128328
radius_out=0.00870875438101518
dist_1=0.5855736961359824
dist_2=0.41626651490699296
dist_3=0.4988344953164068
dist_4=0.4945542937586109
PLOT_FORMAT=MATPLOTLIB
OPERATION_TYPE=GEOMETRY
PRESCRIBED_BLADE_FILENAME=MoveSurface.txt
Config_Path=/home/robertoa/my_GIT/parablade/testcases/MatchBlades/t106eiz_2D/t106eiz_2D.cfg
