NDIM=2.0
N_BLADES=50.0
N_SECTIONS=2.0
CASCADE_TYPE=LINEAR
x_leading=-0.08481742890473598
y_leading=0.022259905880723324
z_leading=0.9900261016842585, 1.0100228331246281
x_trailing=0.08443390088157868
z_trailing=0.9900261016842585, 1.0100228331246281
x_hub=
z_hub=
x_shroud=
z_shroud=
PARAMETRIZATION_TYPE=CAMBER_THICKNESS
stagger=0.11171978222644732
theta_in=43.24299622620006
theta_out=-43.20514818706794
radius_in=0.00010000000000009436
radius_out=0.00010000000000004976
dist_in=0.5925608258406045
dist_out=0.5934902999826375
thickness_upper_1=0.0001
thickness_upper_2=0.013281503888445066
thickness_upper_3=0.04396291656494813
thickness_upper_4=0.044270478211622256
thickness_upper_5=0.014472273401017907
thickness_upper_6=0.0001
thickness_lower_1=0.0001
thickness_lower_2=0.030938973135151097
thickness_lower_3=0.05954623238014936
thickness_lower_4=0.05946140899053461
thickness_lower_5=0.03122542186728682
thickness_lower_6=0.0001
PLOT_FORMAT=MATPLOTLIB
OPERATION_TYPE=GEOMETRY
PRESCRIBED_BLADE_FILENAME=MoveSurface.txt
Config_Path=/home/robertoa/my_GIT/parablade/testcases/MatchBlades/Impulse_2D/Impulse_2D.cfg
