NDIM=3.0
N_BLADES=50.0
N_SECTIONS=3.0
CASCADE_TYPE=ANNULAR
x_leading=-2.675771321056722e-05, 0.008099826436585253
y_leading=-0.00036561247108105917
x_trailing=-2.9366705942904522e-05, 0.00810022551024079
z_leading=-0.11155886531800262
z_trailing=-0.0899297075625686
x_hub=
z_hub=
x_shroud=
z_shroud=
PARAMETRIZATION_TYPE=CONNECTING_ARCS
stagger=-15.494741861046602
theta_in=55.00784363162827
theta_out=-60.2902835101404
radius_in=0.0074787775131628445
radius_out=0.005350165937876756
wedge_in=16.617437575384375
wedge_out=10.555405738152352
dist_1=1.2530850316395783
dist_2=0.5796130999977448
dist_3=0.411269864484681
dist_4=0.22113743765802796
PLOT_FORMAT=MATPLOTLIB
OPERATION_TYPE=GEOMETRY
PRESCRIBED_BLADE_FILENAME=MoveSurface.txt
Config_Path=/home/robertoa/my_GIT/parablade/testcases/MatchBlades/prismatic_radial/prismatic_radial.cfg
