NDIM=3.0
N_BLADES=22.0
N_SECTIONS=11.0
CASCADE_TYPE=ANNULAR
x_leading=-0.001091975971544587, 0.005915576472428764, 0.017251504179262092, 0.023658800893557458
y_leading=5.922332733668811e-05, 0.0012299738751488261, -0.007342663007348979, 0.000495545348705113, 0.0009425639566908417
z_leading=0.09583017877121913, 0.15146095335492338, 0.20495457559472188, 0.25513612544600833
x_trailing=0.0900573280886447, 0.08953741532701939, 0.07724101933769663, 0.06894316172910198, 0.06528595444343062
z_trailing=0.11774903510728019, 0.16240398198644823, 0.2003944687926655, 0.24849332829365994
x_hub=0.02288311695882059, 0.054976805023964015
z_hub=0.09980851906650999, 0.11452347847691088
x_shroud=0.030120753461393625, 0.04343681439203948
z_shroud=0.2561743965452953, 0.2517602114135987
PARAMETRIZATION_TYPE=CONNECTING_ARCS
stagger=12.442272332777126, 23.718970189681407, 48.45036080878982, 57.446148233011264, 62.9315920398581
theta_in=34.04632588701527, 34.148974204131264, 48.126082280409236, 47.824922141442016
theta_out=-30.404466142708664, 38.8805070675493, 57.57638229877245, 63.90342978527131
wedge_in=6.754372294986805, 10.227223721094058, 0.7316170858822252, 0.7941459691879553
wedge_out=5.949474865334741, 14.141758907498378, 2.7935746687255785, 4.880860165053148
radius_in=0.0030884852275925353, 0.00842536285026836, 0.0008813161299020374, 0.010518133252155702
radius_out=0.0054040161194850445, 0.006811573317477172, 0.0001, 0.0024571589317396157
dist_1=0.311858825377879, 0.33550468657001786, 0.31710651289030245, 0.34218851063362626
dist_2=0.37864065409172637, 0.35763620653233286, 0.2401348677832207, 0.3153549879148357
dist_3=0.19681796862935427, 0.03937241740803259, 0.4440116675828621, 0.4847663825939098
dist_4=0.35019566572791816, 0.117418464503734, 0.3250118801204164, 0.2754355975712123
PLOT_FORMAT=MATPLOTLIB
OPERATION_TYPE=GEOMETRY
PRESCRIBED_BLADE_FILENAME=MoveSurface_NASA_R67.txt
Config_Path=/home/robertoa/my_GIT/parablade/testcases/MatchBlades/NASA_R67/ca.cfg
