NDIM=2.0
N_BLADES=50.0
N_SECTIONS=2.0
CASCADE_TYPE=LINEAR
x_leading=0.142901186730296
y_leading=-0.0063348374333360245
z_leading=1.0000179636179993, 1.0100179044720874
x_trailing=0.18682554895578918
z_trailing=1.0000179636179993, 1.0100179044720874
x_hub=
z_hub=
x_shroud=
z_shroud=
PARAMETRIZATION_TYPE=CAMBER_THICKNESS
stagger=-45.1920714566389
theta_in=0.012416925910573088
theta_out=-67.02941231228144
radius_in=0.025950748586066243
radius_out=0.005003764154934432
dist_in=0.560522474155629
dist_out=0.7060111248370926
thickness_upper_1=0.15440088932902918
thickness_upper_2=0.24510205592247364
thickness_upper_3=0.172941283577497
thickness_upper_4=0.10122346402642018
thickness_upper_5=0.06659120039267397
thickness_upper_6=0.03579689742964857
thickness_lower_1=0.10783989393183512
thickness_lower_2=0.1227933527604489
thickness_lower_3=0.1140665161615662
thickness_lower_4=0.05680074963362272
thickness_lower_5=0.01985639832596541
thickness_lower_6=0.00010001490116119555
PLOT_FORMAT=MATPLOTLIB
OPERATION_TYPE=GEOMETRY
PRESCRIBED_BLADE_FILENAME=MoveSurface.txt
Config_Path=/home/robertoa/my_GIT/parablade/testcases/MatchBlades/Aachen_2D/Aachen_2D.cfg
