NDIM=2.0
N_BLADES=50.0
N_SECTIONS=2.0
CASCADE_TYPE=LINEAR
x_leading=-0.00040816299951692376
y_leading=0.0012597489449267388
z_leading=0.9876778391764418, 0.947755694880661
x_trailing=0.07018366944642124
z_trailing=0.9892540740037896, 0.9389944115582711
x_hub=
z_hub=
x_shroud=
z_shroud=
PARAMETRIZATION_TYPE=CONNECTING_ARCS
stagger=44.1658136469853
theta_in=54.903454459684845
theta_out=33.122562220247545
wedge_in=9.515664358667742
wedge_out=2.1596878684326115
radius_in=0.01704638860083577
radius_out=0.00293112520837936
dist_1=0.2811041363026273
dist_2=0.1821844859431523
dist_3=0.39593946066771235
dist_4=0.38293779070161565
PLOT_FORMAT=MATPLOTLIB
OPERATION_TYPE=GEOMETRY
PRESCRIBED_BLADE_FILENAME=MoveSurface_STD10_2D.txt
Config_Path=/home/robertoa/my_GIT/parablade/testcases/MatchBlades/STD10_2D/ca.cfg
