NDIM=2.0
N_BLADES=50.0
N_SECTIONS=2.0
CASCADE_TYPE=LINEAR
x_leading=-0.09332389864228843
y_leading=0.026399418826983732
z_leading=1.0000112060780233, 1.010014066379366
x_trailing=0.09328704069796963
z_trailing=1.0000112060780233, 1.010014066379366
x_hub=
z_hub=
x_shroud=
z_shroud=
PARAMETRIZATION_TYPE=CONNECTING_ARCS
stagger=0.019657235599628845
theta_in=60.507921269243745
theta_out=-60.5031139816333
wedge_in=0.8890805729600905
wedge_out=0.8890072741285208
radius_in=0.00010000000000000316
radius_out=0.0001
dist_1=0.75485222777098
dist_2=0.5336112996973958
dist_3=0.5321445336699586
dist_4=0.7540826635771408
PLOT_FORMAT=MATPLOTLIB
OPERATION_TYPE=GEOMETRY
PRESCRIBED_BLADE_FILENAME=MoveSurface.txt
Config_Path=/home/robertoa/my_GIT/parablade/testcases/MatchBlades/ImpulseTurbineORC_2D/ImpulseTurbine_ORC_2D.cfg
