NDIM=2.0
N_BLADES=50.0
N_SECTIONS=2.0
CASCADE_TYPE=LINEAR
x_leading=-0.0002881386699377153
y_leading=-1.8992364860958443e-06
z_leading=0.9913990461919631, 1.0103865036192632
x_trailing=0.07012313477782785
z_trailing=0.988581897503226, 1.00940294816519
x_hub=
z_hub=
x_shroud=
z_shroud=
PARAMETRIZATION_TYPE=CAMBER_THICKNESS
stagger=44.956874209825585
theta_in=54.99962844197571
theta_out=34.400505698071356
radius_in=0.005968573409683555
radius_out=0.0001
dist_in=0.5062760432270904
dist_out=0.5054211642606894
thickness_upper_1=0.043950329242058425
thickness_upper_2=0.04655620890404631
thickness_upper_3=0.0473015778573258
thickness_upper_4=0.03565894492066363
thickness_upper_5=0.02341170416527996
thickness_upper_6=0.01072957077071181
thickness_lower_1=0.035280970620974066
thickness_lower_2=0.03884521376699636
thickness_lower_3=0.04061901107727149
thickness_lower_4=0.029819202706964525
thickness_lower_5=0.019431506480943547
thickness_lower_6=0.0016127097291790862
PLOT_FORMAT=MATPLOTLIB
OPERATION_TYPE=GEOMETRY
PRESCRIBED_BLADE_FILENAME=MoveSurface_STD10_2D.txt
Config_Path=/home/robertoa/my_GIT/parablade/testcases/MatchBlades/STD10_2D/ct.cfg
