NDIM=3.0
N_BLADES=50.0
N_SECTIONS=10.0
CASCADE_TYPE=ANNULAR
x_leading=-9.869237893086056e-05, 0.0027979014225067204, 0.0016571655034625377, 0.006588430431796622
y_leading=3.79388358731857e-05, -3.6537149310264824e-06, 8.270396173219338e-05, -5.345304360205687e-05
z_leading=0.05887216040966112, 0.05924129827196898, 0.059120556277160646, 0.05863862671204075
x_trailing=0.03917434762034967, 0.03770505707808405, 0.036600200530817646, 0.035166466469213876
z_trailing=0.014449380388735032, 0.02193307354273521, 0.028668000045415486, 0.036789186476100785
x_hub=-0.0014757708366869996, 0.009247720472171844, 0.018714426001948278, 0.02877833310148302
z_hub=0.038624467999708464, 0.023358237606242914, 0.01746433095665681, 0.015527667236652536
x_shroud=0.0069559715801913065, 0.008729158715301652, 0.01998307823090828, 0.028631392492032063
z_shroud=0.053237192576617604, 0.0434518267010072, 0.037714806804425384, 0.03764436183571095
PARAMETRIZATION_TYPE=CAMBER_THICKNESS
stagger=-11.674014280505471, -16.73860632925192, -21.345317111281453, -32.768565529206036
theta_in=0.6666998297957673, -1.4706787931848424, -1.5081249198589344, -2.5792943634015284, 0.6738664402220125
theta_out=-46.54560571525838, -49.31634795398918, -59.67210448483033, -70.36048367470246
radius_in=0.0007625127438209964, 0.0001, 0.0016968254570471479, 0.0020754793243135746
radius_out=0.0062271044870403506, 0.0015090393481846042, 0.0014136746833572332, 0.0007913596547600062
dist_in=0.5355343976072282, 0.3746131652982886, 0.3452329768672494, 0.39498409607160784
dist_out=0.21347553262853933, 0.43481458419993696, 0.5099131317101948, 0.611365120695502
thickness_upper_1=0.0504928307026806, 0.007969793444509746, 0.0096956564541654
thickness_upper_2=0.027618994728538772, 0.042006734088418325, 0.005459450493737988
thickness_upper_3=0.026504899729620644, 0.0001, 0.016663283645800497
thickness_upper_4=0.022275505880323447, 0.0001, 0.021641361639818883
thickness_upper_5=0.02254052118257426, 0.005949559273180814, 0.0001
thickness_upper_6=0.010880839375269763, 0.036607933883031324, 0.005125204053782321
thickness_lower_1=0.04665436912700047, 0.0001, 0.006033863237941165
thickness_lower_2=0.05234562925979758, 0.045705498917363925, 0.018783799868350187
thickness_lower_3=0.032780187641132254, 0.07267865627322304, 0.009749506587249811
thickness_lower_4=0.020415950769033145, 0.0709770862574494, 0.0002730362579951525
thickness_lower_5=0.01342568036720722, 0.01816961414543789, 0.023078950263320817
thickness_lower_6=0.0043528907034891635, 0.0001, 0.0001
PLOT_FORMAT=MATPLOTLIB
OPERATION_TYPE=GEOMETRY
PRESCRIBED_BLADE_FILENAME=MoveSurface.txt
Config_Path=/home/robertoa/my_GIT/parablade/testcases/MatchBlades/APU_rotor/CT.cfg
