NDIM=2.0
N_BLADES=50.0
N_SECTIONS=2.0
CASCADE_TYPE=ANNULAR
x_leading=0.1429341100967399
y_leading=-0.006281592770307365
z_leading=0.9826561440128349, 1.0174159962749416
x_trailing=0.1868193389090209
z_trailing=0.9881078658791095, 1.0115413220071179
x_hub=
z_hub=
x_shroud=
z_shroud=
PARAMETRIZATION_TYPE=CAMBER_THICKNESS
stagger=-45.04509871841186
theta_in=0.0002791946592906482
theta_out=-66.99976039043507
radius_in=0.026354417820843037
radius_out=0.004852464257967323
dist_in=0.556932497999163
dist_out=0.7007873267766946
thickness_upper_1=0.14911569616676534
thickness_upper_2=0.2435525665628745
thickness_upper_3=0.17292210507145195
thickness_upper_4=0.101900777901453
thickness_upper_5=0.06568031500458475
thickness_upper_6=0.036608742189409384
thickness_lower_1=0.10984417907713369
thickness_lower_2=0.1216371048884584
thickness_lower_3=0.11377975717177922
thickness_lower_4=0.05604338755053701
thickness_lower_5=0.02013356747263819
thickness_lower_6=1.4902161193847657e-08
PLOT_FORMAT=MATPLOTLIB
OPERATION_TYPE=SENSITIVITY
PRESCRIBED_BLADE_FILENAME=MoveSurface.txt
Config_Path=/home/robertoa/my_GIT/3d-blade-parametrizer/projects/MatchBlades/Aachen_2D/Aachen2D.cfg
