NDIM=3.0
N_BLADES=22.0
N_SECTIONS=5.0
CASCADE_TYPE=ANNULAR
x_leading=0.00011324288221888154, 0.0013219858204075348
y_leading=-0.0010264294527701934
z_leading=0.11220335031476862, 0.11220635509908274
x_trailing=0.006907295156440693, 0.010178565527223935
z_trailing=0.08976429620186456, 0.08976118740771459
x_hub=-3.9481774762515086e-05, 0.00513283346649376
z_hub=0.10526853648622092, 0.09591516421555729
x_shroud=0.0012811447595122817, 0.007762123994413256
z_shroud=0.10488763180099048, 0.09628229157666286
PARAMETRIZATION_TYPE=CAMBER_THICKNESS
stagger=-10.046911019891244, -9.751960095274192
theta_in=43.972175165678436, 43.982395501964405
theta_out=-60.035010764684976, -60.027932928734565
radius_in=0.006700955559340402, 0.006434050148196256
radius_out=0.06280730134672091, 0.05932457308054728
dist_in=0.4623925838091307, 0.4426426935303842
dist_out=0.485377155242704, 0.47153994641742486
thickness_upper_1=0.02097768461297299, 0.022258354196743102
thickness_upper_2=0.03419992265552706, 0.034839768592918645
thickness_upper_3=0.030004951738984948, 0.029738607843021497
thickness_upper_4=0.02178152873255411, 0.02337113939542409
thickness_upper_5=0.03721027654086972, 0.03910130212130497
thickness_upper_6=0.022350691610395265, 0.023552218490472204
thickness_lower_1=0.011050441056471565, 0.008390528465973032
thickness_lower_2=0.03408974085403696, 0.03270695706435199
thickness_lower_3=0.05214222589449131, 0.04852253297954916
thickness_lower_4=0.05201597471470795, 0.04934339094646601
thickness_lower_5=0.07128207946014321, 0.06698199688510814
thickness_lower_6=0.026396288680648628, 0.024660726465108057
PLOT_FORMAT=MATPLOTLIB
OPERATION_TYPE=GEOMETRY
PRESCRIBED_BLADE_FILENAME=MoveSurface_radial_inflow_Quasi3D.txt
Config_Path=/home/robertoa/my_GIT/parablade/testcases/MatchBlades/radial_inflow_quasi3D/ct.cfg
