NDIM=2.0
N_BLADES=50.0
N_SECTIONS=2.0
CASCADE_TYPE=LINEAR
x_leading=-0.08473239280413442
y_leading=0.022403335499445055
z_leading=0.9899990158655203, 1.0099991265405566
x_trailing=0.08454298831537332
z_trailing=0.9899990158655203, 1.0099991265405566
x_hub=
z_hub=
x_shroud=
z_shroud=
PARAMETRIZATION_TYPE=CONNECTING_ARCS
stagger=0.059940520641195816
theta_in=42.037024087144346
theta_out=-42.06504662185789
wedge_in=2.307140982224331
wedge_out=2.3316931412337003
radius_in=0.0013641830104343191
radius_out=0.0014251123899721022
dist_1=0.6490291571375406
dist_2=0.5037628558755579
dist_3=0.5067765964436024
dist_4=0.651994356460542
PLOT_FORMAT=MATPLOTLIB
OPERATION_TYPE=GEOMETRY
PRESCRIBED_BLADE_FILENAME=MoveSurface.txt
Config_Path=/home/robertoa/my_GIT/parablade/testcases/MatchBlades/Impulse_2D/Impulse_2D.cfg
