NDIM=2.0
N_BLADES=50.0
N_SECTIONS=2.0
CASCADE_TYPE=LINEAR
x_leading=-0.00024518044518671974
y_leading=0.0009083143941403838
z_leading=1.0131822154562276, 0.9762073931989529
x_trailing=0.036943605954537426
z_trailing=1.021548703917865, 0.9692313380925993
x_hub=
z_hub=
x_shroud=
z_shroud=
PARAMETRIZATION_TYPE=CONNECTING_ARCS
stagger=-54.161254582307244
theta_in=6.838806099282796
theta_out=-70.00248893350117
wedge_in=43.8992904054484
wedge_out=5.174935488115172
radius_in=0.12626072233171695
radius_out=0.01635369673908431
dist_1=0.517027489262191
dist_2=0.5546457514656288
dist_3=0.2736671210710953
dist_4=0.28586059356500954
PLOT_FORMAT=MATPLOTLIB
OPERATION_TYPE=GEOMETRY
PRESCRIBED_BLADE_FILENAME=MoveSurface_LS89.txt
Config_Path=/home/robertoa/my_GIT/parablade/testcases/MatchBlades/LS89_2D/connecting_arcs.cfg
