NDIM=3.0
N_BLADES=50.0
N_SECTIONS=5.0
CASCADE_TYPE=ANNULAR
x_leading=-0.00035908117570858584
y_leading=-0.0062360484365408374
z_leading=0.4898634698408523, 0.6005223700108764
x_trailing=0.044060595992423936
z_trailing=0.4895792574268169, 0.6014643858137806
x_hub=
z_hub=
x_shroud=
z_shroud=
PARAMETRIZATION_TYPE=CAMBER_THICKNESS
stagger=-45.74938319383223
theta_in=0.7307163415823574
theta_out=-67.80925934168687
radius_in=0.012706630004489617
radius_out=0.001634329855380229
dist_in=0.5223858919409166
dist_out=0.6874565701673371
thickness_upper_1=0.1417940809316617
thickness_upper_2=0.24862863459393272
thickness_upper_3=0.18672394689511032
thickness_upper_4=0.1092850465593911
thickness_upper_5=0.06274777188100596
thickness_upper_6=0.03939142829211519
thickness_lower_1=0.11486341728401821
thickness_lower_2=0.11354154692403257
thickness_lower_3=0.1005049672759074
thickness_lower_4=0.03939986174922843
thickness_lower_5=0.01528618488521304
thickness_lower_6=0.0008622920387592618
PLOT_FORMAT=MATPLOTLIB
OPERATION_TYPE=GEOMETRY
PRESCRIBED_BLADE_FILENAME=MoveSurface.txt
Config_Path=/home/robertoa/my_GIT/parablade/testcases/MatchBlades/Aachen_3D/output_matching/matched_parametrization.cfg
