NDIM=2.0
N_BLADES=50.0
N_SECTIONS=2.0
CASCADE_TYPE=LINEAR
x_leading=8.361134632329069e-05
y_leading=0.0001994782223533869
z_leading=0.9886475979717037, 1.008224498651439
x_trailing=0.03686891245618088
z_trailing=0.9856928046670047, 1.0130426468989449
x_hub=
z_hub=
x_shroud=
z_shroud=
PARAMETRIZATION_TYPE=CAMBER_THICKNESS
stagger=-54.867910061919645
theta_in=6.0453826231005205
theta_out=-75.02636411603407
radius_in=0.17042003563959363
radius_out=0.011421843008191273
dist_in=0.45015473712983184
dist_out=0.5363453927710813
thickness_upper_1=0.44352915978583546
thickness_upper_2=0.3453794516579791
thickness_upper_3=0.22385782049853545
thickness_upper_4=0.10876019214194037
thickness_upper_5=0.04386106888722407
thickness_upper_6=0.011910329276044719
thickness_lower_1=0.08377677839285101
thickness_lower_2=0.17031408002175197
thickness_lower_3=0.1156410004544893
thickness_lower_4=0.040777476747564816
thickness_lower_5=0.03519886838615371
thickness_lower_6=0.026317693654129587
PLOT_FORMAT=MATPLOTLIB
OPERATION_TYPE=GEOMETRY
PRESCRIBED_BLADE_FILENAME=MoveSurface_LS89.txt
Config_Path=/home/robertoa/my_GIT/parablade/testcases/MatchBlades/LS89_2D/camber_thickness.cfg
